-0.008374088 -0.09793334 -0.2046627 -0.2961817 -0.3556539 -0.3734117 -0.3469576 -0.2809634 -0.1872702 -0.08488894 7.822966E-08 0.05523242 0.0893562 0.1030233 0.09840639 0.07919855 0.05061362 0.01938598 -0.006229364 -0.01645672 
0.07544091 -0.02202043 -0.129427 -0.2227231 -0.2849443 -0.3062176 -0.2837612 -0.2218846 -0.1319886 -0.0325655 0.05080137 0.1058876 0.1407173 0.1558676 0.1533908 0.1368145 0.1111413 0.08284917 0.059891 0.05169507 
0.1716169 0.07489622 -0.03581564 -0.1360971 -0.2084057 -0.242078 -0.2333295 -0.1852549 -0.1078277 -0.0179009 0.06079391 0.1145331 0.1486987 0.1640725 0.1627879 0.1483301 0.1255361 0.1005947 0.08104679 0.07578474 
0.2624366 0.1673006 0.05305659 -0.05554609 -0.1403244 -0.1896615 -0.1985069 -0.1683761 -0.107351 -0.03007985 0.04222308 0.09363383 0.1258894 0.1402198 0.139025 0.125875 0.1055098 0.08383962 0.0679444 0.06607436 
0.328682 0.236339 0.120164 0.004931813 -0.09076885 -0.1545358 -0.1801534 -0.1675922 -0.1230091 -0.05874757 0.006662509 0.05500973 0.08430485 0.09642345 0.09419049 0.08138017 0.06271593 0.04387052 0.03146601 0.03307379 
0.3580094 0.2698206 0.1545699 0.03658235 -0.06558981 -0.1391676 -0.1771449 -0.1782888 -0.1471394 -0.0940097 -0.03498589 0.009835318 0.03538714 0.04433022 0.04003417 0.02657776 0.008748785 -0.007955894 -0.01733036 -0.01245952 
0.3449484 0.2622167 0.1514266 0.03589519 -0.06642031 -0.1429223 -0.1863729 -0.1948938 -0.1719666 -0.1264324 -0.072492 -0.03136012 -0.009994883 -0.004880703 -0.01203315 -0.02699896 -0.04485594 -0.06021322 -0.06721092 -0.05952029 
0.2909027 0.2146613 0.1119757 0.004603979 -0.09067555 -0.1620646 -0.2027445 -0.2108766 -0.1896022 -0.1470421 -0.09629726 -0.0586924 -0.04154571 -0.0404973 -0.05093914 -0.06801523 -0.08662127 -0.101405 -0.1067659 -0.0968556 
0.2041496 0.1349509 0.04354749 -0.05031372 -0.1315531 -0.1897579 -0.2191827 -0.2187487 -0.1920446 -0.1473259 -0.09751505 -0.06292281 -0.04954337 -0.05227524 -0.06595059 -0.08533537 -0.1051291 -0.1199651 -0.1244101 -0.1129649 
0.09984039 0.03754439 -0.04043841 -0.1166363 -0.1780325 -0.2160649 -0.226626 -0.2100635 -0.1711796 -0.1192312 -0.06793033 -0.03545768 -0.02483901 -0.03043733 -0.04667271 -0.06802223 -0.08902002 -0.1042572 -0.1083821 -0.09609981 
-1.055551E-07 -0.05643661 -0.1204734 -0.1768984 -0.2148758 -0.2279468 -0.2140289 -0.1754163 -0.1187795 -0.0551661 1.599276E-07 0.03165132 0.04114272 0.034326 0.01695035 -0.005337536 -0.02699343 -0.04257561 -0.04674484 -0.03426429 
-0.06279285 -0.1130644 -0.1645258 -0.2036891 -0.2214033 -0.2128536 -0.177562 -0.1193868 -0.04652295 0.02849798 0.08880799 0.1232029 0.1369965 0.1349435 0.1219283 0.1029659 0.08320093 0.06790857 0.06249389 0.0724922 
-0.0818335 -0.1241864 -0.16544 -0.1930092 -0.1985373 -0.1778949 -0.1311808 -0.06272165 0.01892834 0.1009869 0.1664438 0.2081589 0.2332856 0.2436547 0.2418586 0.2312512 0.2159479 0.2008256 0.1915226 0.1944389 
-0.06861649 -0.1021158 -0.1359695 -0.1577166 -0.1589636 -0.1353847 -0.08672191 -0.01678481 0.06654942 0.1513358 0.2215618 0.2737773 0.3148252 0.3423511 0.3556925 0.3558789 0.3456317 0.3293641 0.3131815 0.3048812 
-0.03445334 -0.05885776 -0.08822067 -0.1095216 -0.1136132 -0.09522135 -0.05294499 0.01074365 0.08949932 0.1731035 0.2474646 0.312047 0.371387 0.4182124 0.4480727 0.4593391 0.4532045 0.4336839 0.4076138 0.3846523 
0.00952744 -0.006109499 -0.03365217 -0.05898713 -0.07166239 -0.06488746 -0.03553334 0.01586752 0.08512108 0.1643719 0.242103 0.3196884 0.3976994 0.4637067 0.5093328 0.5302512 0.5261866 0.5009154 0.4622648 0.4221134 
0.05238011 0.04473965 0.01692439 -0.01552877 -0.0405327 -0.04945014 -0.03709368 -0.001725658 0.05494168 0.1277463 0.2080764 0.2981535 0.3934469 0.4765902 0.5354977 0.5633644 0.5586663 0.52516 0.4718828 0.4131533 
0.08334202 0.08260841 0.0533449 0.0125856 -0.02589073 -0.0515607 -0.05715619 -0.03866439 0.004672126 0.07035553 0.1526326 0.253625 0.3632707 0.4599073 0.5282832 0.5595574 0.5512996 0.5074898 0.4385189 0.3611884 
0.09183338 0.09672336 0.06609249 0.01823539 -0.03164852 -0.07145488 -0.09217454 -0.08789342 -0.05579272 0.003851395 0.08766752 0.1970175 0.3167683 0.4219907 0.4950964 0.5258384 0.5113106 0.4559479 0.3715264 0.2771632 
0.06745722 0.07661905 0.04629758 -0.004552574 -0.05996324 -0.1069527 -0.1355258 -0.1386736 -0.1123739 -0.05559054 0.02972575 0.1439767 0.2684939 0.3764614 0.4490356 0.4753452 0.4524916 0.3855483 0.2875615 0.1795498 
-2.201963E-07 0.01213818 -0.01426185 -0.06060372 -0.1112372 -0.1534586 -0.1775105 -0.176582 -0.1468084 -0.08727163 1.012606E-07 0.1148796 0.2379581 0.3422287 0.40889 0.4273451 0.3952026 0.3182758 0.2105831 0.09434824 
-0.1146391 -0.1012654 -0.1216018 -0.1581279 -0.1963125 -0.2246141 -0.2344806 -0.2203493 -0.179647 -0.1127902 -0.02318456 0.08982377 0.2092482 0.3090141 0.3710918 0.385497 0.3502903 0.2715778 0.1635104 0.04828445 
-0.2476075 -0.2353088 -0.2512065 -0.2788027 -0.3047061 -0.3186318 -0.3134013 -0.2849425 -0.2322897 -0.1575836 -0.06607129 0.04458953 0.1615098 0.2599739 0.3228773 0.3407269 0.3116405 0.2413476 0.1431885 0.0381149 
-0.3664314 -0.3574318 -0.3714424 -0.392738 -0.4088717 -0.4106758 -0.392261 -0.3510169 -0.2876119 -0